  Temperature: 1.0000000 mean energy per spin: -1.9959490 heat capacity per spin: 0.032348758 |M| average per spin : 0.99864640 M average per spin : -0.015716100 Susceptibility per spin : 3.9922542
  Temperature: 20.000000 mean energy per spin: -0.20138480 heat capacity per spin: 0.010187402 |M| average per spin : 0.42772000 M average per spin : -0.00010460000 Susceptibility per spin : 0.061047818
